all: BIG NUM1 NUM2 NUM3 NUM4 NUM5 NUM6 NUM7 NUM8 NUM9 NUM10 NUM11 NUM12 NUM13 

BIG: bignum Graph Kruskal skeleton UnionFindDisjointSets WGraph  

NUM1: 100 101 102 103 105 107 108 110 111 112 113 114 115 116 117 118 119 120 121 122 123 124 127 128 \
130 131 133 136 138 139 140 141 142 144 145 146 147 148 \
151 152 153 154 156 159 160 162 164 167 168 170 181 186 187 188 193 195 \
202 213 214 216 220 227 230 232 245 253 255 256 260 263 264 271 272 275 278 280 291 294 296 297 299 

# 300.java 343.java 
NUM2: 305 306 311 320 324 325 327 331 333 335 337 339 340 341 344 346 347 349 \
350 352 353 355 357 362 369 371 379 380 381 382 384 386 391 392 394 397 

# 403.java 448.java
NUM3: 400 401 402 405 406 408 414 417 422 423 424 429 434 435 438 439 440 441 442 444 445 446 447 449 \
450 454 455 457 458 459 462 464 465 466 468 469 471 481 483 484 485 486 488 489 490 492 494 495 496 497 498 499 \
501 507 514 530 532 538 539 540 541 543 544 551 554 555 556 562 568 571 572 573 574 575 576 579 583 584 591 594 599 \
603 615 616 617 620 621 623 624 626 628 630 632 636 637 639 641 642 647 652 657 661 665 671 686 694 696 

# 787.java
NUM4: 700 701 703 706 722 725 726 727 732 735 739 740 741 776 782 784 785 789 790 795 \
821 824 830 834 837 843 846 852 855 856 857 860 865 868 871 872 884 892 893 895 897 

#991.java
NUM5: 900 902 906 908 912 913 914 924 927 933 939 941 944 945 947 957 967 974 978 985 990 993 

#1226.java 1241.java
NUM6: 1056 1061 1062 1091 1103 1124 1148 1185 1197 \
1200 1203 1209 1210 1213 1215 1219 1225 1230 1232 1237 1239 1260 1261 1339 1585 1644 

#10007.java 10023.java
NUM7: 10000 10003 10004 10006 10008 10009 10010 10013 10014 10015 10016 10017 10018 10019 10020 10025 10026 10033 10034 10035 10038 \
10041 10042 10044 10047 10050 10055 10062 10063 10066 10067 10070 10071 10074 10079 10082 10093 10098 10099 \
10102 10104 10106 10107 10114 10116 10125 10126 10127 10130 10131 10132 10134 10138 10141 10142 \
10150 10158 10161 10170 10171 10172 10178 10179 10181 10183 10188 10189 10190 10191 10192 10193 10194 10195 10196 10197 10198 \
10205 10209 10212 10220 10222 10223 10226 10227 10235 10242 10249 10252 10258 10260 10264 10267 10276 10279 10281 10284 10293 10295 10298 10299 

# 10303.java #10415.java # 10433.java # 10464.java
NUM8: 10302 10305 10315 10334 10336 10338 10339 10340 10341 10344 10347 10360 10363 10365 10369 10370 10371 10374 10391 10392 \
10408 10409 10422 10424 10427 10432 10443 10450 10451 10452 10469 10473 10474 10487 10490 10499 

# 10519.java 10551.java 10554.java
NUM9: 10500 10502 10507 10508 10509 10515 10523 10528 10530 10533 10539 10550 10576 10579 10583 10591 \
10608 10610 10611 10620 10625 10646 10650 10653 10659 10662 10664 10670 10677 10678 10679 10683 10684 10685 10686 10693 10696 10698 10699 \
10703 10707 10720 10730 10761 10773 10784 10789 10793 

#10814.java #10992.java
NUM10: 10800 10801 10803 10810 10812 10813 10842 10849 10851 10852 10854 10855 10858 10865 10879 10880 10894 10895 10896 \
10911 10916 10919 10920 10921 10922 10924 10926 10928 10929 10931 10935 10940 10943 10945 10946 10948 \
10954 10959 10961 10963 10970 10976 10977 10978 10986 11000 11001 11005 11015 11034 11039 11040 11044 11048 11049 

NUM11: 11056 11057 11059 11062 11063 11074 11078 11085 11093 11094 \
11100 11108 11110 11111 11115 11121 11136 11137 11140 11148 11150 11151 11152 11172 11173 11185 11192  \
11203 11219 11220 11221 11222 11223 11225 11233 11235 11236 11244 11247 11264 11278 11283 11286 11287 11292 11296 11297  \
11308 11309 11313 11321 11332 11340 11342 11348 11349 11350 11356 11357 11360 11362 11364 11369 11385 11389  \
11402 11412 11414 11417 11428 11448 11452 11455 11456 11459 11461 11462 11463 11466 11470 11479 11480 11483 11494 11495 11496 11498  \
11503 11505 11507 11513 11518 11525 11526 11530 11541 11548 11549 11550 11556 11559 11561 11565 11572 11577 11581 11586 11588  \
11608 11614 11616 11621 11624 11629 11631 11634 11636 11650 11661 11666 11677 11678 11679 11683 11687 11689 11690 11697  \
11703 11710 11713 11714 11715 11716 11717 11723 11733 11734 11742 11743 11747 11749 11760 11764 11777 11787 11790 11799 

#11821.java #11968.java
NUM12: 11804 11805 11816 11824 11827 11830 11831 11835 11839 11847 11850 11854 11857 11858 11860 11875 11877 11878 11879 11888 \
11906 11917 11926 11933 11934 11936 11942 11945 11946 11947 11953 11956 11958 11959 11961 11962 11965 11966 11970 11974 11975 \
11984 11986 11991 11995 

#12342.java 12372.java 12459.java
NUM13: 12015 12019 12024 12036 12049 12060 12085 12086 12100 12114 12134 12136 12148 12149 12150 12157 12160 12187 12195 12207 \
12239 12243 12247 12250 12279 12289 12290 12291 12293 12356 12364 12376 12397 12398 12403 12405 12406 12414 12416 12439 \
12468 12478 12488 12498 12502 12503 12504 12515 12527 12531 12532 12541 12542 12543 12554 12555 12577 12583 12592 12602 12608 12626 12708 

